560001
560002
560003
560004
560005
560006
560007
560008
560009
560010
560011
560012
560013
560015
560016
560017
560018
560020
560021
560022
560023
560024
560025
560026
560027
560030
560032
560033
560034
560035
560036
560037
560038
560041
560043
560046
560048
560049
560050
560051
560053
560054
560055
560056
560057
560058
560059
560060
560061
560062
560063
560064
560065
560066
560067
560068
560070
560071
560072
560074
560075
560076
560077
560078
560079
560080
560081
560082
560083
560084
560085
560086
560088
560089
560090
560091
560092
560093
560094
560095
560096
560097
560098
560099
560100
560102
560103
560104
560105
560107
560108
560109
560110
560111
560113
560116
560117
560300
560500
561101
561201
561203
561205
562106
562107
562114
562119
562123
562125
562131
562132
562149
562157
562162
562164
700049
700051
700055
700056
700057
700059
700064
700079
700081
700083
700089
700091
700097
700101
700102
700105
700106
700110
700112
700113
700115
700116
700118
700119
700120
700121
700122
700123
700124
700126
700128
700130
700131
700132
700133
700134
700135
700155
700156
700158
700159
700160
700161
700162
743135
743145
743232
743245
743247
743248
743249
743251
743262
743263
743268
743270
743271
743286
743287
743289
743290
743329
743401
743427
743428
743429
743435
743439
743442
743445
743456
743611
700001
700002
700003
700004
700005
700006
700007
700008
700009
700010
700011
700012
700013
700014
700016
700017
700018
700020
700021
700023
700025
700026
700027
700028
700029
700030
700031
700032
700033
700034
700035
700036
700038
700047
700050
700052
700054
700060
700061
700062
700063
700065
700066
700067
700068
700069
700071
700072
700073
700074
700075
700077
700078
700080
700082
700085
700086
700087
700088
700090
700092
700094
700095
700099
700108
506001
506002
506003
506004
506005
506007
506008
506009
506011
506013
506015
506101
506102
506104
506105
506112
506122
506132
506135
506142
506143
506144
506146
506151
506164
506166
506167
506168
506169
506170
506172
506175
506201
506221
506222
506223
506224
506244
506252
506301
506302
506303
506315
506316
506317
506318
506319
506324
506330
506343
506344
506347
506349
506352
506355
506356
506365
506366
506367
506368
506370
506371
506381
506391
390010
390011
390012
390013
390014
390016
390017
390018
390019
391105
391107
391110
391115
391121
391130
391135
391140
391145
391150
391156
391160
391165
391168
391170
391175
391210
391243
391250
391310
391320
391340
391345
391346
391350
391410
391421
391430
391445
391450
391510
391520
391530
391740
391774
391775
391776
392015
392030
392110
392140
392150
392160
392180
392210
392220
392310
393002
393010
393041
393130
394111
394140
394155
394163
394180
394185
394190
394210
394240
394250
394320
394325
394330
394335
394340
394352
394360
394365
394370
394375
394380
394421
394430
394440
394445
394520
394530
394601
394620
394630
394633
394635
394640
394641
394650
394651
394655
394660
394670
394680
394690
395001
395002
395003
395004
395005
395006
395008
395009
395010
395011
395012
395013
395017
395023
396510
505101
505102
505152
505153
505162
505172
505174
505185
505186
505188
505208
505209
505210
505211
505212
505214
505215
505301
505302
505303
505304
505305
505306
505326
505327
505330
505331
505401
505402
505403
505405
505415
505450
505452
505455
505460
505462
505466
505473
505476
505480
505497
505498
505501
505503
505504
505505
505514
505524
505525
505527
505528
505529
505530
505531
505532
400006
400042
400043
400049
400050
400051
400052
400053
400054
400055
400056
400057
400058
400059
400060
400061
400063
400064
400065
400066
400067
400068
400069
400070
400071
400072
400074
400075
400076
400077
400078
400079
400080
400081
400082
400083
400084
400085
400086
400087
400088
400089
400091
400092
400093
400094
400095
400096
400097
400098
400099
400101
400102
400103
400104
400706
400709
400710
401102
401103
401201
401202
401203
401204
401206
401207
401208
401209
401301
401302
401303
401304
401401
401402
401403
401404
401405
401501
401502
401503
401504
401506
401601
401602
401604
401605
401607
401608
401609
401610
401701
401702
401703
421002
421004
421005
421303
421306
421311
421312
421401
421402
421403
421501
421502
421503
421505
421506
421603
421605
412802
412803
412804
412805
415001
415002
415003
415004
415010
415011
415012
415013
415014
415015
415019
415020
415021
415022
415023
415103
415107
415110
415111
415112
415114
415115
415116
415122
415124
415205
415206
415209
415211
415212
415502
415504
415505
415506
415507
415508
415509
415511
415512
415514
415515
415522
415524
415525
415527
415530
415536
415537
415538
415539
415715
416001
416002
416003
416004
416005
416006
416007
416008
416010
416011
416012
416013
416101
416102
416104
416105
416106
416107
416108
416110
416113
416114
416115
416116
416118
416119
416120
416121
416122
416138
416143
416144
416146
416202
416203
416204
416205
416206
416207
416208
416209
416212
416213
416214
416215
416218
416230
416231
416232
416234
416235
416236
416505
416526
416527
500005
500008
500010
500011
500012
500013
500015
500022
500024
500025
500027
500039
500040
500041
500042
500043
500044
500045
500046
500048
500049
500050
500052
500072
500074
500075
500076
500078
500080
500083
500084
500085
500086
500087
500088
500089
500090
500091
500092
500093
500094
500095
500096
500097
500098
500100
500101
500103
500105
500107
500110
501101
501102
501301
501401
721137
721167
721171
721172
721401
721402
721403
721404
721405
721406
721420
721422
721423
721427
721430
721432
721433
721434
721438
721439
721440
721444
721446
721452
721455
721463
721601
721606
721607
721624
721625
721626
721628
721629
721631
721632
721633
721636
721637
721642
721643
721644
721646
721647
721648
721649
721650
721651
721653
721655
721656
721657
721659
533001
533002
533003
533004
533006
533016
533102
533210
533211
533214
533215
533216
533217
533218
533223
533235
533236
533240
533241
533242
533244
533247
533248
533250
533251
533255
533256
533261
533262
533263
533284
533285
533289
533290
533293
533294
533296
533307
533308
533309
533349
533350
533351
533352
533408
533436
533440
533447
533448
533449
533464
533468
410402
410403
410405
410406
410501
410502
410505
410507
410508
410509
410510
410511
410512
410513
410516
411025
411031
411034
411039
411062
412106
412107
412108
412110
412112
412202
412205
412206
412207
412211
412215
412219
412306
412311
412401
412402
412411
412412
413102
413103
413104
413105
413106
413110
413114
413115
413116
413120
413130
413132
413133
741101
741102
741103
741121
741122
741123
741124
741125
741126
741127
741137
741138
741139
741140
741153
741154
741155
741156
741161
741162
741163
741164
741166
741167
741181
741201
741221
741222
741223
741232
741234
741235
741238
741245
741246
741247
741248
741249
741301
741302
741313
741315
741316
741317
741319
741402
741404
741505
741506
741507
741508
509102
509103
509104
509106
509110
509120
509126
509128
509129
509130
509131
509132
509135
509152
509153
509201
509203
509206
509207
509208
509209
509215
509216
509219
509228
509235
509301
509302
509320
509321
509324
509326
509327
509336
509338
509349
509350
509353
509360
509375
509376
509380
509381
509382
509385
509401
509406
509408
509411
509412
721121
721122
721124
721125
721126
721127
721129
721130
721131
721132
721133
721135
721136
721140
721145
721146
721147
721148
721149
721150
721153
721155
721156
721157
721201
721211
721212
721222
721253
721260
721302
721303
721304
721305
721306
721424
721425
721426
721435
721436
721437
721445
721451
721457
721503
721505
721506
721516
721627
721641
757001
757002
757003
757014
757016
757017
757018
757019
757020
757021
757023
757024
757025
757029
757030
757031
757033
757034
757035
757039
757041
757042
757043
757045
757046
757049
757050
757052
757054
757055
757073
757075
757077
757079
757081
757082
757083
757084
757085
757086
757087
757091
757092
757093
757100
757101
757102
757103
757105
757106
713101
713102
713103
713104
713121
713122
713127
713130
713131
713132
713140
713141
713148
713151
713153
713154
713166
713201
713202
713203
713204
713205
713206
713207
713209
713210
713211
713212
713213
713214
713215
713216
713217
713337
713338
713342
713358
713362
713376
713378
713381
713384
713385
713426
713428
713502
713513
713519
713520
751001
751002
751003
751004
751005
751006
751007
751008
751009
751010
751011
751012
751013
751014
751015
751016
751017
751018
751019
751020
751021
751022
751023
751024
751025
751026
751027
751029
752018
752019
752020
752021
752022
752023
752031
752035
752037
752038
752050
752055
752056
752061
752062
752064
752066
752100
752102
752103
754012
502103
502107
502110
502113
502114
502115
502130
502210
502220
502221
502228
502246
502247
502249
502267
502270
502273
502276
502277
502278
502279
502285
502286
502287
502291
502294
502295
502296
502300
502301
502302
502305
502306
502307
502310
502311
502312
502318
502319
502324
502325
502331
502336
502345
502371
502372
502381
641001
641002
641003
641007
641008
641009
641030
641033
641037
641038
641039
641062
641101
641301
641401
641601
641602
641603
641604
641606
641652
641653
641654
641655
641658
641662
641663
641665
641666
641667
641671
641687
641697
642101
642102
642103
642105
642106
642108
642109
642120
642122
642154
642201
642203
642204
642207
686511
686547
689101
689102
689103
689104
689105
689106
689107
689108
689110
689111
689112
689113
689115
689501
689503
689507
689513
689514
689531
689532
689550
689551
689585
689591
689592
689594
689597
689647
689661
689662
689663
689664
689666
689667
689668
689691
689692
689693
689698
689699
689711
690522
691523
691525
691530
413204
413702
413705
413706
413708
413710
413711
413712
413713
413714
413715
413716
413718
413719
413721
413725
413736
413738
413739
414002
414101
414102
414105
414110
414113
414301
414304
414305
414402
414502
414504
414505
414603
414604
414605
414606
414607
414701
422602
422605
422608
422610
423601
423602
423603
423607
756001
756002
756003
756020
756021
756022
756023
756024
756026
756029
756030
756032
756033
756034
756035
756036
756037
756038
756040
756041
756042
756043
756044
756045
756046
756047
756049
756051
756055
756056
756058
756060
756079
756080
756081
756083
756084
756085
756086
756087
756115
756126
756133
756134
756166
756182
507001
507002
507003
507101
507103
507111
507114
507115
507116
507117
507118
507119
507120
507122
507124
507128
507133
507136
507137
507138
507140
507154
507158
507160
507161
507163
507165
507166
507167
507169
507170
507182
507202
507203
507208
507210
507211
507303
507305
507316
507318
781005
781007
781010
781011
781013
781014
781015
781016
781018
781019
781020
781021
781022
781023
781024
781025
781026
781027
781028
781029
781032
781034
781035
781036
781037
781038
781039
781127
781128
781141
781150
781354
781364
781365
781366
781376
781380
781381
782401
782402
782403
362001
362002
362004
362011
362015
362020
362030
362037
362110
362130
362135
362140
362150
362205
362215
362222
362225
362226
362227
362235
362240
362255
362263
362265
362266
362275
362276
362310
362315
362510
362530
362550
362560
362565
362610
362710
362715
362720
362725
365440
415202
415203
415208
415214
415602
415603
415605
415607
415608
415609
415610
415611
415612
415613
415614
415616
415617
415619
415701
415709
415712
415713
415716
415718
415720
415722
415724
415726
415728
415729
415730
415802
415805
415806
415807
416705
416707
416709
416712
416713
712101
712102
712105
712122
712138
712146
712148
712149
712152
712201
712202
712203
712204
712222
712223
712234
712245
712246
712249
712250
712402
712404
712406
712409
712413
712415
712416
712417
712501
712512
712513
712514
712515
712602
712611
712612
712613
712615
712616
712617
504101
504102
504103
504104
504105
504107
504109
504110
504201
504202
504203
504204
504205
504206
504207
504208
504209
504214
504215
504216
504218
504219
504220
504231
504251
504272
504273
504292
504293
504294
504295
504296
504297
504299
504302
504306
504310
504311
504323
508101
508105
508111
508112
508113
508114
508115
508116
508117
508126
508201
508204
508206
508208
508211
508212
508218
508221
508223
508224
508233
508238
508244
508246
508247
508248
508252
508253
508258
508266
508277
508278
508279
508280
508285
508286
508374
508376
508377
636001
636002
636005
636006
636007
636008
636009
636010
636014
636101
636102
636104
636110
636111
636112
636113
636114
636119
636138
636140
636142
636201
636202
636203
636204
636452
636454
636456
636503
636601
636906
637104
637107
637301
637303
637410
637501
637502
332001
332021
332023
332024
332028
332029
332030
332031
332041
332042
332303
332312
332316
332317
332401
332402
332403
332404
332405
332411
332601
332602
332603
332701
332703
332705
332707
332708
332709
332710
332711
332712
332713
332714
332718
332721
332742
415301
415302
415303
415304
415305
415401
415402
415407
415408
415411
415412
415413
415414
415415
416301
416308
416311
416312
416313
416315
416316
416402
416403
416405
416406
416408
416409
416410
416411
416412
416415
416417
416419
416420
416436
416437
503001
503003
503102
503108
503110
503111
503112
503114
503120
503122
503123
503124
503125
503144
503145
503164
503165
503174
503175
503180
503185
503187
503201
503212
503213
503217
503225
503230
503235
503302
503306
503309
503310
503311
503321
609101
609102
609103
609107
609109
609117
609118
609205
609303
609307
609501
609504
609802
609803
609804
609807
609808
609810
609811
610005
610106
610201
610203
610204
611102
611103
612102
612201
613702
614711
614712
614716
614806
614807
614808
688521
688523
688524
688525
688526
688528
688529
688540
688541
689109
689504
689506
689508
689520
689521
689571
689572
689573
689574
689590
689595
689622
689623
689624
689627
690527
690530
690531
690532
690534
690535
690547
690548
690571
690572
760003
760004
761001
761004
761007
761008
761009
761011
761012
761017
761018
761028
761029
761031
761035
761041
761042
761045
761100
761104
761105
761106
761115
761118
761121
761122
761123
761124
761140
761143
761144
761146
761151
761209
799001
799002
799003
799004
799005
799006
799007
799008
799009
799010
799011
799012
799014
799015
799022
799035
799045
799046
799102
799103
799105
799115
799130
799131
799132
799153
799201
799202
799203
799205
799207
799210
799211
799212
387210
387220
387240
387345
388001
388110
388130
388140
388150
388160
388170
388180
388210
388215
388235
388307
388320
388330
388335
388345
388360
388365
388370
388430
388440
388450
388480
388545
388560
388590
388625
388630
388640
413001
413002
413003
413004
413005
413007
413008
413107
413108
413109
413111
413113
413118
413202
413206
413211
413213
413220
413221
413222
413224
413248
413251
413305
413308
413310
413317
413324
413401
413402
413403
413404
413409
416510
416513
416514
416515
416517
416518
416519
416520
416521
416522
416523
416524
416529
416601
416602
416605
416606
416608
416609
416611
416614
416615
416616
416620
416626
416628
416630
416632
416801
416804
416810
416811
416813
462001
462002
462003
462004
462008
462010
462011
462016
462020
462022
462023
462024
462026
462027
462030
462031
462033
462036
462037
462038
462039
462040
462041
462042
462043
462044
462045
462046
462047
462066
462100
462101
463111
520001
520002
520003
520008
521001
521002
521003
521106
521110
521131
521132
521133
521136
521149
521150
521151
521157
521162
521175
521178
521185
521190
521211
521212
521213
521227
521312
521330
521332
521369
521456
521457
590005
591106
591108
591109
591120
591123
591130
591131
591212
591213
591221
591222
591224
591225
591232
591233
591234
591235
591236
591237
591238
591240
591242
591243
591247
591248
591254
591265
591311
591315
591317
591340
826001
826003
826004
826005
826006
826007
826009
828103
828104
828105
828106
828107
828108
828109
828113
828114
828117
828119
828125
828129
828130
828132
828133
828135
828142
828201
828203
828204
828205
828304
828306
828402
627001
627002
627003
627006
627007
627008
627009
627010
627101
627106
627109
627120
627423
627755
627756
627757
627759
627761
627805
627809
627811
627812
627813
627814
627818
627851
627853
627854
627860
627861
627862
713123
742121
742133
742138
742140
742147
742151
742161
742165
742166
742174
742175
742184
742226
742227
742235
742236
742237
742238
742301
742302
742303
742305
742308
742402
742404
742406
742407
742408
742409
742410
754134
754141
754162
754210
754211
754212
754213
754214
754215
754216
754217
754218
754219
754220
754222
754223
754224
754225
754227
754228
754231
754239
754240
754244
754245
754246
754248
754250
754253
754289
755061
756100
756101
756111
756112
756114
756116
756117
756118
756119
756120
756122
756123
756124
756125
756127
756128
756129
756130
756131
756132
756135
756137
756138
756139
756144
756162
756163
756165
756167
756168
756181
754023
754024
754082
754292
754296
755001
755005
755006
755007
755008
755009
755010
755011
755012
755013
755014
755015
755017
755018
755020
755022
755023
755027
755036
755043
755044
755049
755050
755051
755062
842001
842003
842004
842005
842006
843101
843104
843106
843108
843109
843111
843112
843113
843115
843116
843117
843118
843121
843123
843124
843125
843126
843128
843129
843130
843312
843321
844111
844112
844127
174302
174303
174307
174308
174314
174315
174316
174317
174319
174320
174321
174503
174507
176601
177039
177041
177109
177201
177202
177203
177205
177206
177207
177208
177209
177210
177211
177212
177219
383010
383030
383110
383120
383205
383220
383230
383235
383240
383245
383246
383250
383255
383260
383276
383305
383307
383310
383315
383316
383317
383325
383330
383335
383340
383345
383350
383355
383460
638001
638003
638004
638005
638103
638104
638105
638106
638108
638111
638153
638459
638505
638656
638657
638660
638661
638672
638673
638701
638702
638706
638751
638752
639201
639202
641605
641607
642206
831003
831004
831005
831007
831009
831010
831012
831015
831016
831017
831018
831019
831020
831021
832101
832102
832103
832104
832106
832107
832110
832111
832112
832113
832301
832302
832303
832304
833202
360510
360515
360520
360530
360531
360540
360590
361010
361011
361012
361110
361120
361160
361162
361170
361220
361240
361250
361280
361306
361310
361315
361320
361325
361330
361345
361347
361350
604505
632002
632055
632057
632058
632059
632101
632104
632105
632113
632114
632115
632202
632311
632312
632505
632518
632520
632531
635652
635654
635701
635703
635801
635802
635814
635853
635854
380050
380051
380054
380055
380058
382110
382130
382140
382145
382210
382213
382225
382245
382250
382255
382260
382405
382430
382435
382443
382445
382449
382450
382463
382465
382470
382475
492001
492002
492004
492005
492099
492112
493101
493113
493118
493196
493222
493228
493229
493331
493332
493335
493338
493344
493526
493551
493559
493663
493888
493889
493890
493891
493996
700039
700070
700100
700103
700104
700107
700139
700150
700151
700152
700153
700154
743312
743318
743345
743347
743354
743356
743357
743370
743371
743373
743378
743383
743609
743613
753002
753003
753004
753006
753007
753008
753009
754001
754007
754008
754022
754026
754027
754028
754029
754030
754031
754035
754131
754201
754202
754205
754221
754290
754293
754295
127020
175137
202391
202421
202523
205142
205152
207501
207504
207505
212110
212210
712422
712428
713377
713380
713433
713434
713517
713518
742000
742139
743385
743389
754298
312001
312024
312025
312027
312201
312204
312207
312401
312402
312403
312404
312601
312603
312605
312612
312615
312616
312619
312620
312624
312625
312626
323303
323304
323305
380060
382041
382042
382045
382305
382308
382315
382422
382423
382424
382428
382433
382481
382620
382640
382650
382721
382725
382729
382735
382740
382810
382835
382845
382855
534001
534002
534006
534101
534102
534123
534126
534186
534197
534198
534202
534222
534230
534247
534260
534266
534268
534269
534313
534318
534324
534326
534330
534338
534340
711101
711103
711105
711106
711108
711109
711202
711203
711205
711206
711225
711226
711227
711301
711302
711304
711306
711312
711314
711315
711317
711322
711410
711412
711413
144001
144002
144003
144004
144005
144006
144007
144008
144009
144022
144023
144024
144026
144027
144040
144043
144102
144302
144303
144417
144511
144630
144805
144806
201001
201002
201004
201006
201007
201010
201011
201013
201014
201016
201018
201019
201020
201102
201103
201301
201303
245101
245201
245205
245207
245208
245301
245304
364050
364081
364120
364130
364135
364145
364150
364230
364250
364260
364270
364280
364290
364310
364313
364320
364330
364710
364720
364730
364740
364750
364760
364765
422007
422010
422011
422012
422013
422101
422102
422104
422105
422112
422113
422204
422207
422210
422211
422214
422401
422402
422501
422502
422606
423212
423303
423401
846002
846003
846005
846006
847103
847104
847105
847106
847107
847115
847121
847123
847204
847301
847304
847306
847337
847407
847428
848205
848207
848209
848213
848506
382115
382120
382165
382170
382715
382732
382815
382830
382840
382860
382865
382870
384001
384002
384003
384012
384130
384325
384330
384340
384410
384421
384435
387110
387115
387130
387230
387320
387340
387370
387375
387380
387510
387520
387530
387550
387560
387610
387620
388230
388239
388245
388255
388260
388265
388421
561206
561207
561208
561209
561210
561212
561213
561228
562101
562102
562103
562104
562105
563120
563123
563124
563125
563129
563135
563146
563147
563159
563161
627758
627855
628101
628103
628104
628151
628301
628401
628402
628501
628502
628503
628552
628617
628714
628716
628718
628720
628721
628851
628902
628904
628908
670005
670010
670104
670105
670141
670142
670612
670631
670632
670633
670641
670642
670649
670650
670651
670661
670663
670671
670673
670674
670676
673311
673316
722122
722132
722134
722135
722136
722137
722138
722139
722140
722144
722146
722148
722151
722154
722161
722162
722201
722202
722204
722205
722206
722207
722208
784001
784010
784025
784026
784027
784028
784102
784103
784104
784105
784167
784168
784169
784170
784172
784173
784174
784175
784176
784177
784179
784501
784504
784113
784114
784115
784125
784144
784145
784146
784147
784190
784507
784508
784509
784510
784513
784514
784521
784522
784523
784524
784525
784526
784527
784528
388270
389001
389002
389110
389120
389172
389180
389190
389210
389220
389230
389232
389235
389240
389250
389260
389265
389320
389341
389350
389360
389365
689602
689611
689612
689613
689614
689615
689621
689625
689626
689650
689652
689653
689654
689656
689671
689672
689673
689674
689675
689676
689677
689678
212623
212660
222108
225402
225406
225408
227101
228411
229501
229881
232114
246768
248144
263686
382501
440028
454345
495223
785002
796291
834012
221602
221603
221706
223221
223223
223226
223227
275301
275302
275304
275305
275306
276123
276126
276207
276301
276306
276402
276404
276405
276406
227405
227406
227408
227409
227411
227412
227413
227801
227806
227807
227809
227811
227812
227813
227814
227815
227816
228118
228119
228125
228132
752001
752002
752003
752011
752012
752013
752014
752016
752017
752105
752106
752107
752108
752109
752111
752113
752114
752116
752118
752119
752121
843301
843302
843311
843315
843318
843319
843320
843322
843323
843324
843326
843327
843328
843330
843331
843332
843333
843351
843360
847302
847307
262502
262520
262521
262522
262523
262529
262530
262533
262534
262540
262541
262543
262544
262550
262551
262552
262554
262561
262572
262576
431001
431003
431004
431005
431006
431007
431009
431010
431011
431102
431107
431109
431111
431113
431116
431135
431136
431137
431148
431152
680121
680122
680123
680125
680505
680510
680515
680519
680567
680570
680571
680602
680641
680642
680661
680665
680667
680701
680702
680703
754102
754103
754104
754106
754107
754108
754109
754110
754113
754119
754120
754133
754135
754136
754138
754140
754143
754145
754160
754294
785006
785107
785614
785616
785633
785640
785662
785669
785670
785673
785681
785682
785683
785684
785687
785688
785689
785692
785701
785705
141001
141002
141003
141004
141006
141008
141016
141105
141109
141112
141117
141119
141120
141127
141201
141205
141206
142029
148107
360001
360002
360005
360006
360007
360024
360311
360320
360360
360370
360375
360410
360480
363621
363641
363643
363650
363660
363670
391120
391810
392025
392040
392170
393001
393020
393025
393040
393110
393115
393120
393125
393135
393140
393145
393150
393155
394810
574141
574197
574201
574203
574213
574226
574227
574238
574324
575001
575002
575003
575004
575005
575006
575008
575017
575022
575025
583102
583103
583113
583122
583123
583129
583130
583132
583134
583152
583154
583201
583203
583212
583215
583217
583223
583275
583276
767002
767016
767020
767021
767023
767026
767030
767032
767038
767039
767040
767041
767061
767065
767066
767067
767068
767070
767071
770011
770014
770016
770018
770019
770020
770021
770022
770023
770024
770025
770031
770037
770039
770044
770070
770072
770073
770076
799250
799251
799253
799254
799256
799261
799262
799263
799264
799269
799270
799271
799277
799279
799280
799281
799282
799288
799290
226003
226006
226007
226011
226012
226013
226014
226015
226016
226017
226019
226026
226102
226103
226104
226201
226203
226302
305026
341001
341022
341026
341031
341302
341306
341316
341319
341503
341505
341507
341508
341509
341510
341515
341519
341551
600037
600050
600053
600054
600071
600072
600076
600077
600099
600123
600124
600128
601103
601202
602024
631201
631204
631213
612905
620001
620002
620003
620008
620017
621011
621101
621104
621111
621205
621217
621302
621312
621314
621706
621715
639112
678583
678591
678592
678593
678594
678596
678598
678601
678681
678682
678684
678687
678701
679101
679102
679104
679535
679553
732101
732102
732103
732122
732124
732138
732140
732142
732201
732202
732203
732207
732211
732212
732215
732216
733124
733142
786125
786126
786145
786146
786148
786150
786160
786170
786173
786179
786181
786182
786187
786188
786189
786190
786192
786601
825315
827001
827003
827004
827006
827009
827010
827014
828134
828403
828404
829104
829107
829112
829116
829132
829144
829149
396040
396051
396060
396110
396310
396321
396325
396350
396403
396409
396521
396530
396540
396560
396570
396580
396590
682023
682301
682302
682303
682306
682307
682309
682313
682315
683520
683521
683522
683571
683572
683579
686681
686693
695010
695011
695012
695013
695014
695015
695016
695017
695018
695019
695505
695521
695522
695523
695524
695526
695528
121001
121005
121006
121007
121008
121009
121010
121012
121013
121014
121015
121102
121103
121105
121106
121107
142041
142044
142047
152022
152023
152024
152033
152116
152117
152118
152121
152122
152123
152124
152128
152132
143105
143301
143302
143303
143304
143305
143402
143407
143408
143409
143410
143412
143414
143415
143416
143419
380013
380014
380015
380016
380018
380019
380021
380022
380023
380024
380026
380027
380028
380049
380061
380063
396020
396030
396035
396045
396050
396120
396125
396126
396150
396155
396165
396193
396195
396235
396240
396385
413207
413229
413249
414202
414204
414208
431122
431124
431125
431127
431142
431143
431144
431518
431519
431520
522018
522034
522212
522258
522259
522261
522264
522268
522301
522312
522313
522324
522325
522341
522401
522435
610001
610003
610004
610107
612601
612610
612801
612804
613703
614001
614015
614017
614302
614704
614713
614903
623404
623406
623407
623501
623502
623503
623504
623521
623526
623532
623533
623534
623536
623603
623704
623706
723101
723102
723103
723104
723127
723128
723131
723132
723142
723143
723146
723148
723149
723151
723161
723168
782001
782002
782003
782101
782102
782120
782122
782124
782125
782142
782144
782426
782427
782429
782481
785602
247771
247772
247773
247774
247775
247776
247777
247778
251002
251003
251201
251305
251306
251314
251319
360055
363035
363040
363115
363310
363330
363351
363435
363510
363530
382745
382755
382760
382775
382780
444001
444002
444003
444005
444006
444107
444108
444117
444126
444302
444311
444402
444502
444506
444511
500032
500104
500108
500111
501106
501143
501144
501202
501359
501502
501509
509325
509339
509358
509371
517213
517299
517391
517401
517423
517424
517426
517501
517502
517503
517504
517505
517541
517561
517586
572107
572113
572114
572117
572118
572122
572123
572137
572138
572211
572213
572221
572225
572226
572227
586113
586125
587102
587111
587112
587113
587118
587119
587120
587154
587156
587311
587316
587330
587331
685531
685561
685562
685563
685565
685566
685601
685602
685603
685604
685606
685607
685608
685609
686513
755019
756121
758001
758014
758018
758020
758022
758026
758027
758043
758044
758076
758081
758084
758087
763001
763002
763003
763004
763008
764011
764014
764028
764036
764037
764044
764055
764056
764058
764081
249001
249121
249122
249123
249127
249146
249155
249161
249175
249181
249186
249192
249199
249301
332716
333012
333034
333042
333053
333302
333303
333305
333307
333308
333501
333503
333701
333801
335002
335021
335023
335027
335040
335061
335065
335073
335701
335702
335703
335707
335711
335805
362730
364521
364522
364525
364530
365430
365450
365455
365456
365535
365555
365601
365640
365650
515002
515004
515101
515122
515212
515231
515261
515331
515402
515413
515445
515561
515601
515722
581121
581129
581301
581302
581304
581306
581307
581319
581333
581346
581350
581401
581402
581421
600012
600040
600041
600042
600078
600090
600092
600093
600094
600101
600102
600104
600113
600118
624002
624003
624005
624204
624212
624215
624303
624615
624621
624704
624708
624709
639203
642113
682001
682002
682003
682004
682005
682006
682007
682008
682009
682040
682041
682042
682050
682051
785010
785013
785014
785015
785101
785102
785104
785105
785106
785630
785631
785700
785703
785704
804402
804404
804421
804428
804430
805135
823001
823002
824201
824211
824221
824231
824234
824235
172025
175101
175102
175103
175106
175125
175126
175128
175129
175134
175136
175138
175141
180001
180002
180003
180004
180005
180006
180007
180009
181204
181205
181206
181207
185154
229125
229129
229130
229135
229202
229207
229302
229304
229309
229316
229401
229801
229802
261505
261506
262702
262722
262724
262727
262802
262805
262902
262903
262904
262908
271855
342003
342005
342007
342008
342021
342022
342025
342301
342302
342602
342801
345001
345033
413405
413501
413503
413504
413505
413506
413507
413508
413509
413525
413526
413534
413606
605001
605002
605003
605004
605005
605006
605007
605008
605009
605010
605011
605013
605014
686101
686102
686103
686104
686105
686106
686121
686122
686123
686141
686143
686144
686146
686544
686572
686581
686582
686583
686584
686586
686587
686610
686611
686612
686613
686616
734015
734501
735101
735102
735121
735122
735132
735211
735212
735216
735302
735303
735305
110010
110022
110023
110028
110030
110038
110047
110057
110066
110068
110074
110097
110015
110027
110045
110058
110059
110063
110064
110071
110073
110077
110078
110087
134011
145021
194402
194403
205141
365730
685564
735201
742190
743603
754311
755046
140001
140113
140116
140117
140118
140301
140306
140307
140308
140413
140901
160055
140119
140125
140133
140603
160011
160012
160014
160015
160016
160017
160018
160019
160001
160002
160003
160004
160005
160009
160020
160022
160023
160025
160101
160102
209101
209121
209202
209203
209205
209206
209208
209209
209210
209304
209307
209308
221001
221005
221104
221105
221116
221304
221306
221307
221401
221402
221403
221405
246440
246444
246446
246449
246453
246455
246472
246473
246474
246481
246487
246488
249128
249131
249132
249135
249141
249151
249152
249165
249171
249193
249195
249196
307025
313001
313024
313026
313038
313601
313602
313706
313708
313801
313903
313905
322203
322212
322213
322216
322219
322234
322236
322238
322242
322243
322254
322255
400601
400602
400603
400604
400605
400606
400607
400608
400610
400612
400614
400615
444603
444604
444605
444606
444607
444701
444702
444705
444810
444813
444902
444906
458001
458002
458389
458556
458558
458667
458669
458771
458775
458778
458888
458895
484110
484114
484116
484117
484120
484330
484440
484444
484446
484669
484771
486669
491222
491225
491226
491227
491228
491230
491332
491337
491338
491340
491771
491993
524003
524129
524131
524152
524201
524221
524302
524304
524310
524313
524322
524421
623401
623701
630003
630005
630202
630206
630303
630561
630562
630610
630612
630709
626001
626002
626003
626005
626103
626108
626140
626142
626202
626203
626204
626205
670302
670303
670304
670305
670309
670310
670325
670327
670331
670334
670353
670358
673003
673007
673310
673502
673521
673522
673528
673571
673580
673602
673604
673632
766002
766012
766013
766016
766019
766020
766023
766027
766029
766032
766036
766101
783128
783131
783301
783323
783324
783325
783330
783339
783348
783371
783383
783388
784161
784163
784164
784165
787001
787023
787031
787032
787033
787034
787035
787052
143505
143534
145001
145022
145023
145024
145025
145026
145027
145029
145101
182101
182104
182126
182127
182128
182301
182311
182312
182313
182315
182320
208003
208010
208011
208012
208013
208014
208015
208016
208017
209217
209402
224121
224133
224141
224158
224171
224195
224203
224225
224228
224229
224234
225002
225003
225120
225123
225124
225125
225202
225208
225401
225405
225415
303003
303005
303007
303301
303328
303338
303601
303603
303604
303704
314023
456224
456313
456331
456335
456337
456440
456443
456550
456665
456668
456771
605101
605102
605104
605105
605106
605107
605111
605501
605502
607402
607403
612501
613001
613002
613102
613205
613602
614205
614207
614210
614211
614904
625017
625019
625122
625205
625207
625221
625234
625527
625529
625532
625704
734001
734002
734003
734004
734005
734007
734008
734009
734103
735206
735231
735304
736101
736133
736134
736145
736146
736170
736171
736172
736176
736179
785676
786001
786002
786003
786004
786005
786006
786007
786008
786010
786012
175005
175008
175012
175017
175029
175033
175042
175045
175046
175050
176071
176075
176076
176093
176094
176095
176097
176200
176210
176225
201304
201313
201315
201316
201317
201318
203135
203141
203155
203203
209827
209831
209860
209862
209863
209864
209869
209870
209871
209881
272129
272151
272152
272193
272194
272201
272204
272205
272207
272208
274001
274182
274205
274404
274405
274505
274701
274806
274807
274808
274149
274206
274207
274302
274306
274308
274309
274403
274407
274801
392001
392011
392020
392135
392165
392215
392230
393030
394116
394120
495118
495445
495447
495660
495677
495682
495683
495686
495690
495691
500060
500061
500062
500063
500064
500065
500066
500067
500068
500069
523115
523116
523117
523155
523212
523224
523247
523270
523272
523346
583227
583230
583232
583237
583268
583277
583279
583282
583283
583285
600059
600063
600064
600122
603104
603201
603303
603305
631601
631605
621215
637013
637018
637210
637213
637214
637302
637503
638181
638183
695020
695021
695022
695023
695024
695025
695026
695027
695028
695029
759013
759014
759015
759016
759017
759018
759024
759025
759027
759128
781303
781306
781310
781312
781344
781346
781355
781360
781368
781372
781308
781318
781321
781325
781327
781328
781329
781330
781350
781352
795001
795002
795003
795004
795009
795113
795115
795116
795136
795140
800010
800011
800012
800013
800014
800015
800016
800017
800018
800019
814112
814115
814116
814120
814122
814143
814152
814153
814157
815353
825325
825326
829109
829110
829122
829124
829125
829126
829134
829150
845413
845414
845415
845427
845428
845430
845436
845440
845456
845457
122101
122102
122103
122104
122107
122108
122413
122502
122508
123021
123023
123024
123031
123034
123303
123411
123412
123501
171102
173208
173211
173212
173223
173229
173230
173235
174102
190005
190007
190014
190015
190019
190021
191132
193401
193411
192124
192211
192221
192231
192302
192303
192304
192306
193306
207003
207123
207124
207243
207245
207246
207248
207402
207403
230001
230132
230134
230142
230201
230301
230402
230403
230502
241126
241201
241203
241204
241304
241401
241404
241406
241407
321026
321201
321202
321407
321408
321409
321411
321615
321642
370115
370205
370230
370240
370425
370427
370460
370465
370630
384151
384221
384229
384230
384240
384241
384246
384272
384285
443112
443201
443301
443302
443308
444203
444204
444303
444312
457114
457118
457222
457226
457331
457340
457441
457550
457555
458220
458226
458228
458330
458336
458339
458441
458470
458553
497101
497111
497118
497119
497220
497223
497224
497225
497235
516150
516163
516193
516203
516215
516237
516309
516421
516502
522001
522002
522003
522004
522005
522006
522007
522009
522020
530016
530031
530032
530044
530046
531020
531033
531114
531219
614617
614618
614619
614620
614801
614805
622002
622401
622422
682010
682011
682012
682013
682015
682016
682017
682018
682019
683101
683102
683104
683105
683106
683108
683110
683111
683112
686001
686002
686003
686004
686005
686006
686007
686008
686009
688001
688002
688003
688004
688005
688006
688007
688008
688009
689541
689542
689543
689544
689545
689546
689547
689548
689549
769001
769002
769003
769004
769005
769006
769007
769008
769009
782441
782450
782460
782461
782462
782470
782482
782485
782490
811211
812002
812006
812007
813108
813205
813206
813212
813214
814101
814110
814119
814141
814144
814148
814158
814166
814167
110003
110005
110008
110011
110012
110060
110069
110100
122010
122011
122012
122015
122016
122017
122018
122098
134101
134102
134103
134104
134105
134107
134108
134109
144402
144623
144624
144625
144631
144632
144803
144804
182124
182144
182145
182146
182148
182201
182204
182205
184102
184141
184145
184148
184201
184202
184205
184206
194101
194102
194103
194104
194105
194106
194107
194109
222127
222144
222149
222165
222181
222202
222204
223105
226020
226021
226022
226023
226024
226025
226027
226029
247002
247122
247129
247451
247452
247551
247665
247669
273005
273158
273165
273203
273209
273401
273403
273407
303107
303302
303305
303313
303323
303507
321609
322240
322001
322026
322027
322029
322701
322702
322703
322704
324002
325003
325009
325201
325204
326517
326518
326519
344011
344012
344026
344031
344034
344043
344702
344703
413502
413514
413517
413518
413519
413530
413531
413582
465106
465116
465335
465339
465441
465445
465449
465550
486670
486881
486884
486886
486887
486889
486890
486892
494226
494228
494229
494230
494237
494331
494347
494442
571201
571212
571219
571231
571232
571234
571235
571237
577216
577217
577224
577243
577427
577566
583125
583131
584113
584115
584118
584126
584127
584128
584132
584135
585226
585411
585414
585415
585416
585417
585418
585437
605702
606705
606753
606755
606901
606905
631702
632326
625203
625513
625519
625556
625562
625579
625582
625601
629152
629153
629154
629155
629156
629157
629158
629801
629170
629171
629172
629173
629174
629176
629178
629179
641040
641043
641044
641045
641046
641047
641048
641049
685511
685512
685514
685515
685571
685590
685591
685595
686630
686631
686632
686633
686634
686635
686636
686637
731121
731124
731125
731129
731202
731215
731236
731237
733123
733125
733128
733129
733132
733134
733156
733201
741250
741251
741252
741253
741254
741255
741256
741257
760001
760002
760005
760006
760008
760009
760010
760011
788001
788002
788003
788004
788005
788006
788007
788009
788151
788152
788155
788160
788162
788164
788165
788168
813204
852101
852114
852115
852116
852121
852202
852213
841101
841213
841214
841219
841224
841225
841312
841410
841226
841237
841240
841406
841416
841417
841504
841509
847102
847122
847223
847228
847239
847303
847308
847401
122001
122002
122003
122005
122007
122008
122009
134112
134113
134114
134116
134117
134118
134203
142001
142002
142003
142045
142046
151208
152028
180011
180012
180013
180015
180016
180018
180019
210421
210424
210425
210427
210428
210430
210504
221712
221716
221718
277204
277216
277503
277504
243002
243006
243122
243126
243301
243502
262201
244301
244302
244303
244304
244410
244412
244501
271205
271206
271209
271210
271504
271604
271861
273155
273164
273305
273306
273308
273309
273405
307019
307023
307027
307028
307043
307513
307801
307029
307803
343024
343025
343032
343048
343049
313202
313206
313321
313325
313331
313332
313704
314021
314022
314029
314030
314036
314403
314404
326034
326035
326502
326512
326513
326515
326516
411040
411041
411042
411043
411044
411046
411048
424103
424119
424207
424208
425309
425310
425327
452010
452011
452012
452013
452014
452015
452018
518006
518122
518134
518166
518523
518573
518583
571111
571123
571316
571320
571342
571442
571490
574109
574114
574129
576102
576229
576230
576234
620020
620021
620022
620023
620024
620025
620026
621306
621311
621315
639001
639006
639008
639105
641021
641024
641025
641026
641027
641028
641029
673634
673637
673638
673645
676528
676542
676561
680611
680612
680613
680614
680616
680617
680619
680681
680682
680685
680686
680687
680688
680689
682020
682021
682022
682025
682026
682028
682029
682031
682032
682033
682035
682037
682038
682039
685581
685583
685584
685585
685586
685587
685589
686010
686012
686013
686014
686016
686017
686019
689641
689642
689643
689644
689645
689646
689649
695001
695002
695004
695005
695006
695008
695009
695512
695513
695561
695562
695563
695564
695568
700040
700041
700042
700043
700044
700045
700046
734421
734423
734424
734425
734426
734427
734429
761015
761016
761200
761201
761212
761214
761215
769010
769011
769012
769013
769014
769015
769016
781001
781002
781003
781004
781006
781008
781009
782103
782104
782105
782121
782126
782411
782413
783127
783332
783346
783347
783372
783375
783376
783373
783385
783390
783391
783392
783393
783394
785611
785618
785621
785622
785625
785626
785699
786152
786153
786154
786156
786157
786158
786159
788010
788011
788013
788014
788015
788030
788031
788101
788107
788150
788161
788801
788816
788817
793001
793002
793004
793006
793007
793008
793009
800021
800022
800023
800024
800025
800027
800028
802154
802157
802162
802163
802301
802302
802312
805101
805102
805106
805108
805111
805123
805133
811308
813102
813103
813202
813207
813211
814131
852108
852111
852123
852137
852138
854338
854339
140604
160059
160062
160071
160103
160104
144105
144523
144525
144529
146101
146109
151001
151002
151003
151004
151005
151509
176207
176302
176303
176305
176319
176326
185131
185155
185203
185212
185233
185234
190001
190003
190004
190009
191131
191201
192126
192212
192230
192232
192233
192401
202001
202135
202139
202140
202282
204102
208002
208004
208005
208006
208007
208009
210001
210123
210128
210207
210208
210209
212104
212212
212306
212402
229411
229413
224122
224155
224168
224181
224183
224235
246141
246419
246442
246445
246448
246495
271841
271845
271871
271881
271901
271903
272125
272127
272128
272165
272175
272182
281003
281122
281202
281301
281302
281405
302001
302002
302003
302004
302005
302006
335512
335513
335523
335526
335803
344001
361001
361002
361003
361004
361005
361007
380002
380003
380004
380006
380007
380009
382010
382016
382021
382024
382028
382030
390001
390002
390004
390006
390008
390009
390020
390021
390022
390023
390024
390025
411011
411013
411016
411017
411018
411019
411020
411022
411023
411024
411026
411027
440001
440002
440005
440006
440007
440008
440010
440013
440015
440016
440017
440019
440020
440021
440022
440024
440026
440027
450117
450337
450554
450661
450991
451115
457770
457775
457882
457887
457990
457993
474002
474003
474004
474007
474008
474009
477111
477116
477331
477446
477555
477566
486002
486004
486115
486223
486333
486446
494114
494115
494122
494441
494448
494450
496118
496223
496242
496245
496330
496338
497553
497555
497557
497559
497773
497778
500030
500031
500035
500036
500037
500038
500051
500054
500055
500056
500057
500058
570001
570002
570005
570006
570007
570009
570020
570022
570023
570025
570027
570029
571405
571415
571424
571475
571476
571811
585104
585211
585236
585292
585301
585319
586102
586104
586112
586117
586121
586214
590010
590011
590014
590016
590017
590019
607003
607303
607308
607401
607802
608501
628003
628004
628005
628006
628007
628008
641011
641013
641014
641015
641018
641019
678001
678002
678005
678007
678008
678009
680001
680002
680003
680004
680005
680009
680020
680021
680022
680026
680027
680028
680561
680563
680564
680565
680568
680569
686531
686532
686535
686536
686537
686539
689582
689583
689584
689586
689587
689589
691002
691004
691005
691006
691007
691009
695121
695122
695123
695124
695125
695126
695581
695583
695585
695587
695588
695589
700140
700142
700143
700144
700146
700147
711110
711111
711112
711113
711114
711115
713301
713302
713303
713304
713305
713386
781333
781334
781335
781337
781338
781339
788110
788112
788114
788115
788116
788118
788720
788723
788725
788726
788727
788728
791001
791111
791113
791121
791123
792104
797103
797113
797115
797116
797117
797118
799013
799101
799104
799114
799120
799125
802115
802116
802117
802123
802133
802135
814102
814133
814147
814160
815355
816102
816101
816105
816108
816115
816116
816129
824115
824125
824127
824129
824207
824302
841413
841420
841427
841436
841437
841440
843313
843316
843317
843325
843329
843334
110002
110020
110029
110043
110098
110014
110019
110049
110050
110080
132104
132106
132113
132122
132145
133010
133202
133205
135004
135133
144415
144512
144516
144524
144526
148020
148021
148033
148102
148108
151502
151503
151506
151508
151510
171208
172030
172034
172101
172102
190010
190011
190012
190017
190018
203131
203205
203206
203398
203399
206001
206002
206124
206127
206131
208022
208023
208024
208025
208026
211010
211014
211016
211017
211018
212601
212650
212655
212659
212665
242021
243632
243722
243727
243751
242042
242223
242306
242401
242405
244713
263001
263128
263137
263138
244716
244717
263150
263151
263152
261121
261125
261131
261151
261401
262308
262309
262310
262525
262527
263619
263630
263631
263633
263635
271124
271311
271402
271502
271602
284123
284128
284201
284301
284304
301022
301027
301409
301701
301713
302033
302034
302036
302037
302038
311404
311408
311601
311606
311801
323602
323613
323614
323802
323803
324003
324004
324005
324009
324010
327001
327021
327022
327025
327026
361130
361140
361141
361142
361150
387001
387002
387003
387411
387430
400020
400024
400027
400028
400029
400030
400032
400034
400035
400037
402110
402114
402115
402116
402117
403201
403202
403203
403204
403206
411001
411002
411007
411008
411009
422001
422002
422005
422008
422009
431501
431509
431512
431701
431703
440030
440033
440034
440035
440037
452002
452003
452006
452007
452009
454001
454010
454116
454441
454552
460004
460553
461228
480106
480441
466001
466114
466448
466661
466665
471001
471101
471201
471315
471408
472111
472118
472331
472442
472446
473105
473111
473115
473118
473331
492010
492012
492014
492016
492017
500001
500002
500003
500006
500009
516310
516311
516312
516330
516339
530012
530013
530014
530015
530017
532001
532005
532203
532218
532290
535102
535280
535463
535525
535526
562112
562120
562138
562160
562161
570011
570012
570014
570015
570017
573115
573134
573213
573214
573217
577115
577233
577245
577415
577428
580020
580021
580025
580026
580029
582111
582118
582203
582209
583233
591211
591214
591216
591218
591219
604203
604205
605766
606104
606402
626110
626112
626113
626116
626117
627420
627422
627424
627427
627428
629160
629162
629166
629167
629168
632010
632011
632012
632013
632014
635102
635112
635203
635306
635307
636401
636402
636403
636404
636406
670012
670013
670014
670017
670018
670511
671314
671531
671532
671534
670645
673575
673581
673593
673595
673001
673002
673005
673006
673009
673020
673021
673027
673028
673029
680302
680303
680304
680307
680309
682551
682553
682554
682555
682556
683542
683543
683547
683548
683549
686560
686561
686562
686563
686564
688530
688531
688537
688538
688539
689121
689122
689123
689124
689126
690101
690103
690104
690106
690110
690502
690505
690506
690507
690508
691500
691501
691502
691504
691506
691581
691582
691584
691585
691589
695030
695032
695033
695034
695038
695301
695302
695303
695307
695308
695310
695312
695313
695317
695318
695502
695503
695506
695507
695508
713340
713341
713344
713346
713347
735221
735222
735226
735228
735229
736160
736165
736167
736168
736169
754010
754011
754013
754018
754071
762012
762018
762020
762102
762106
764059
764062
765016
765033
765034
781340
781341
781343
781348
781349
785001
785004
785007
785008
785009
785661
785664
785665
785666
785667
786610
786611
786612
786613
786614
788710
788711
788712
788713
788719
788733
788734
788735
788736
788737
794101
794103
794104
794107
794109
794105
794106
794108
794112
794115
801306
803117
803121
803215
811104
802218
821101
821104
821105
821108
828120
828123
828124
828126
828127
845103
845306
845438
845450
845452
124113
124141
124501
124514
176040
176044
176048
176049
177111
177113
177118
177119
190020
190023
190024
190025
193101
193103
193108
193109
193122
193123
193301
193503
193224
193225
193302
193303
211011
212204
212216
212217
231205
231206
231207
231208
233229
233300
233306
275203
244701
244901
244926
244927
250001
250004
250005
250221
273003
273006
273008
273009
284303
285121
285125
285203
305001
305005
305007
305009
305625
305814
305815
305901
325215
325216
325222
325223
331001
331304
331503
331517
334001
334003
334004
334006
345025
345026
345028
345034
364001
364003
364005
364006
365540
365541
365545
365660
394221
394230
394235
394270
400001
400002
400008
400009
402101
402103
402104
402106
402120
402122
402125
402126
411030
411032
411037
411038
411051
411052
411057
411058
431401
431402
431521
431540
442106
442301
442305
442307
465667
465669
465687
465693
474001
474006
475220
475686
474010
474011
474012
474015
483220
483222
483440
483442
490001
490006
490009
490011
490020
490022
490023
490026
495009
495334
495335
495551
500070
500073
500077
500079
530040
530041
530043
530045
533101
533103
533104
533106
534240
534243
534244
534245
560040
560042
560045
560047
570019
571118
571311
571604
575010
575011
575015
575016
577101
577123
577146
577182
580002
580003
580004
580008
591220
591223
591228
591229
600003
600004
600006
600009
609604
609605
609606
609609
613005
613007
613008
613010
620011
620014
620018
620019
621106
621212
621716
621717
629201
629202
629203
629204
632001
632004
632006
632008
636011
636015
636016
636017
638010
638011
638012
638060
642001
642002
642006
642007
642111
642112
642114
642117
642125
642126
642128
642129
643201
643203
643204
643209
643220
643221
643226
643228
670501
670502
670503
670504
670561
670562
670563
670567
673101
673102
673103
673105
676301
676303
676305
676309
676311
676312
676317
676319
676502
676504
676505
676508
678501
678502
678504
678505
678541
678542
678545
678546
678551
678553
678556
678557
678571
678572
678573
678574
678621
678622
678623
678624
680502
680503
680504
680509
680590
680591
680594
680596
683501
683502
683503
683594
683515
683517
683518
683519
683573
683575
683576
683577
686020
686021
686022
686041
686501
686503
686505
686507
686516
686517
686518
686519
686542
686545
686546
686548
686573
686574
686575
686577
688011
688012
688013
688014
688501
688503
688504
688505
690540
690542
690544
690546
691302
691304
691305
691309
691572
691574
691577
691579
695040
695042
695043
695099
695570
695571
695574
695575
713360
713361
713365
713369
713370
713371
713372
713373
713402
713404
713405
713407
721151
721152
721154
721158
734101
734121
734123
734124
734313
734315
734316
734317
735204
736121
736122
736123
735205
735207
735208
735209
735230
735232
735233
735234
736201
736203
736205
736208
742101
742102
742103
742104
743122
743124
743128
743129
744101
744104
744107
744112
752024
752025
752026
752093
753010
753012
753013
753015
759101
759102
759106
759107
784180
784182
784184
784189
788102
788103
788106
788109
793010
793011
793018
793019
793101
793104
793122
793123
793114
793115
793121
793161
794001
794002
794003
794005
796001
796004
796008
796009
799150
799155
799156
799157
799204
799266
799275
799278
800003
800004
800005
800006
821111
821112
821303
821306
822115
822121
822123
829202
829210
835204
835210
835227
110052
110056
110094
110083
110086
110089
125047
125112
125121
131029
131402
131403
133001
133005
133006
140201
140401
140601
141010
141012
141013
143002
143003
143005
144010
144011
144012
147001
147002
147003
171001
171002
171004
171010
171013
171015
176062
176063
176066
194201
194202
194401
204211
204212
281104
205262
283142
283205
209504
209651
209749
211004
211005
211007
221002
221004
221008
221009
232101
232110
231220
231222
231224
246193
246194
246277
248011
248015
248016
249403
249410
249411
262001
262124
262305
271201
271805
271831
273012
273014
273017
282003
282004
282008
304504
304507
304801
306022
306114
306305
334401
334402
334403
360021
360023
360026
360575
360577
360578
363630
363635
364470
370601
370602
370605
382006
382007
382426
394515
394516
394518
396421
396424
396427
396440
396445
396450
400013
400014
400016
402304
402305
402306
403102
403103
403109
403106
403115
403409
403521
403526
403529
410210
410216
410218
410220
410221
410222
411060
411067
411068
412304
412307
412312
413210
413212
413215
413410
413411
413412
413720
413722
413726
415104
415105
415108
415310
415313
415315
415513
415516
415517
415620
415621
415626
416305
416306
416307
421301
421302
421305
431121
431134
431202
441102
441204
441501
441801
441806
441911
442403
442404
442701
442501
442502
442507
444105
444110
444510
445101
445109
445201
450221
450332
450445
452016
453001
453331
461001
461005
461446
464111
464113
464226
470002
470003
470004
470113
470232
470669
473665
473865
473880
475335
475336
475661
476111
476221
476444
476332
476335
476339
480884
480991
481226
482011
482020
483113
484220
484224
484334
485111
485666
485771
488220
488222
488443
496115
496116
496450
497446
497447
497448
508001
508002
508004
515001
515003
515005
518001
518005
518007
530001
530003
530009
530020
530022
530024
530051
530052
530053
533340
533345
533347
563115
563117
563118
570030
570031
570032
574112
574115
574118
574234
574235
574236
577001
577004
577006
577201
577204
577205
577531
577555
577558
580006
580118
581195
580030
580031
580032
581352
581353
581356
585101
585106
585107
585214
585220
585224
587101
587103
587104
600022
600023
600025
600032
600036
600038
600045
600046
600047
600130
600131
600132
603209
603210
603211
606601
606603
606604
607002
607004
607005
607801
607803
607807
611001
611002
611003
623520
623524
623529
625001
625006
625007
626101
626107
626109
626123
626126
626128
627412
627413
627418
628212
628215
628216
628614
628616
628618
629101
629102
629193
629802
629803
629804
630301
630302
630306
631001
631005
631006
632201
632203
632204
635202
636705
636902
643001
643006
643007
643101
643102
643105
643237
643238
643239
670001
670002
670008
671121
671122
671123
673011
673014
673018
676101
676107
676108
678010
678013
678014
678703
678704
678706
679121
679122
679123
679502
679503
679504
679583
679584
679585
680620
680623
680631
680653
680655
680656
682314
682316
682317
685505
685507
685508
685614
685616
685619
686651
686652
686653
686661
686666
686669
689510
689511
689512
690510
690511
690513
690518
690561
691538
691012
691013
691016
691553
691554
691557
695132
695133
695134
695142
695144
695146
695602
695604
695609
695610
695612
695615
713332
713335
713336
722101
722102
722183
731130
731132
731133
734011
734012
734013
734213
734215
734218
734221
734224
734227
734431
734434
734436
741151
741157
741159
741501
741504
741509
743221
743222
743223
743375
743376
743377
744203
744204
744209
744302
744303
744304
759145
759147
759148
764001
764004
764006
764040
764041
764042
764048
764052
764086
768020
768026
768210
768027
768111
768115
768203
768225
768226
781301
781302
781305
781311
781313
781314
783132
783133
783134
784111
784112
784117
784150
784153
784154
785110
785111
785112
785671
785672
785674
786621
786622
786623
788156
788166
788803
793160
793200
793210
795005
795008
795010
795011
795124
795126
795101
795132
795135
795106
795112
795125
795117
795133
795134
796070
796091
796101
799141
799142
799143
799284
799286
799287
800030
803202
804451
811302
811304
811309
815352
815354
815359
825410
825418
825421
828301
828305
828307
829103
829106
829108
829130
829131
829133
831013
831014
832109
834002
834007
834008
834004
834009
835218
835207
835208
835212
843110
844122
844124
846001
846004
846008
848201
851129
851134
851114
851115
851116
851206
851213
851214
852107
852129
852217
854102
854312
854334
855106
855107
855117
110033
110034
110090
110093
110095
110096
124504
124507
125052
125113
125056
125075
126111
126112
133301
133302
136038
136119
140417
140602
141121
141123
142026
142028
144101
144104
144401
144408
148104
148105
151105
151111
151202
152025
160030
160036
160043
160047
171226
173025
172033
175123
172112
172115
174304
174305
175014
175019
176001
176036
176022
177501
176209
177103
176215
176218
176310
176317
181121
181124
194301
194303
205264
205268
206241
206249
209726
209727
210204
210205
211021
211022
212401
212507
221103
221108
221208
221305
224232
224238
226001
226009
226030
226031
243001
243005
247670
248008
248002
248006
249124
249126
249203
249204
249302
249306
251320
251327
263142
263149
263620
263629
263626
263639
271304
271308
272002
272130
272164
272270
273310
273311
274304
274307
275101
275307
283119
283202
301001
301002
301018
301019
301415
301416
302015
302019
302040
302042
303121
303122
313002
313004
313011
313603
326520
326529
327606
327801
333022
333029
334603
334802
343001
343002
360421
360430
360450
360452
362230
362650
362540
362570
363001
363002
364465
364485
365460
365635
365560
365565
370015
370040
370410
370415
370445
370485
370450
370455
370610
370615
370650
370655
370670
370675
382340
382345
382415
382418
382820
382825
383001
383006
385130
385135
385505
385506
385540
385545
387310
387315
387350
387355
388120
388121
388310
388315
388350
388355
388520
388550
394130
394248
394245
394246
394540
394541
396065
396067
396130
396135
396140
396145
396170
396171
396180
396185
396412
396418
396472
396475
400019
400022
401101
401105
402201
402207
402307
415639
403601
403602
403726
403729
403801
403804
410208
421101
410301
410302
411012
412203
412101
412102
412405
412406
413250
413253
413314
413315
413801
413802
414001
414003
415518
415520
416221
416223
416531
416534
416604
416612
416610
416613
416803
416807
421202
421203
422004
423111
422221
422222
424001
424004
424306
425407
425001
425004
425102
425113
425415
425419
431601
431604
442001
442003
444907
444915
453555
453556
456001
456003
461114
461122
464551
464776
470672
470772
481662
481666
481879
481883
484665
486661
486885
486888
487555
487661
491229
491444
492101
492109
495452
495455
495668
495692
496108
496109
497450
497451
502001
502032
504301
504303
505001
505002
505122
505307
505184
505471
505187
505475
505453
505526
507123
507201
507168
507306
515201
515202
516001
516004
517101
517102
517123
517291
517644
517646
518101
518102
518411
518412
520011
520013
520012
521109
521120
521139
521121
521122
521170
521323
522101
522102
522201
522202
522305
522308
523001
523002
523104
523105
523165
523168
523315
523316
531001
531002
532213
532214
533201
533274
533221
533228
533237
533239
533344
533431
534165
534166
534201
534204
560029
562130
571121
571610
571301
571302
572101
572103
573201
573202
574103
574104
574313
574314
576201
576257
576226
576227
577142
577145
577501
577502
581205
581213
581411
581412
582101
582104
583236
583284
585201
585202
585320
585321
586101
586105
590018
591115
591113
591118
591153
591156
591201
591287
591244
591246
591307
591308
591314
591316
600015
600017
600057
600058
600083
600084
600126
603202
602001
602003
603001
603004
603101
603312
603311
603314
605757
605759
606001
606003
609110
609116
609201
609204
609311
609312
610103
614710
612001
612002
614706
614708
621601
621652
621729
621804
622001
622005
622411
622412
623512
623513
624001
624004
625011
625015
625521
625525
625707
625708
626004
626102
626135
626137
626188
626189
627113
627119
627804
627806
627951
627953
628653
628656
629001
629401
629003
629004
629601
629602
630201
630205
630551
630552
630602
630606
631151
631152
631211
631212
632403
632406
637211
637215
638110
638116
638301
638316
642130
642132
643213
643214
670101
670107
670581
670582
670592
670593
670621
670622
670691
670694
670701
670706
671310
671315
673032
673051
673302
673305
673570
673573
673635
673636
676510
676519
678103
678104
678532
678533
678688
679554
678721
678722
678731
678732
679302
679305
679574
679577
680520
680524
680582
680588
680670
680671
680711
680712
682501
682505
683550
683556
683562
683563
683580
683581
686603
686609
686672
686673
690538
690539
690573
690574
691312
691319
691331
691334
691521
691522
691601
691602
695101
695104
695542
695547
700093
700096
711408
711409
712121
712125
712135
712137
712310
712311
712704
712706
713124
713126
713143
713147
713323
713326
713514
713515
721101
721102
721450
721458
722147
722149
731101
731103
732121
732127
732143
732144
732204
732214
734320
734321
735134
735135
735213
735214
737101
737103
742160
742164
743130
743702
743193
743194
743710
743711
744207
744211
751030
751031
754200
754203
758036
758038
758082
758083
759001
759040
759143
761052
760007
761103
761013
761109
761019
761119
761020
761025
761110
761114
761125
761126
768001
768002
768018
768019
768108
768121
770001
770002
770041
770046
781373
781378
782137
782138
782435
782439
782440
782445
783122
783124
783350
783354
785632
785636
787051
787054
787057
787058
788108
788931
788123
788127
788804
788805
790114
790116
792055
792103
792101
792110
793016
793017
793021
793022
797001
797004
797109
798611
798602
798603
798615
798623
801501
801507
803303
803306
804424
804435
811201
811311
815311
815315
815314
825329
821302
821307
825406
829119
827012
827015
828112
828302
828206
828207
829127
829129
834011
834013
841232
841506
841238
841407
853204
854315
854101
854115
854112
854117
854302
854305