100000
121705
123304
127110
133021
133105
142051
143007
143026
144304
147506
151107
171302
171303
173020
173028
173216
174402
174403
175020
175022
176121
176123
176126
176307
176330
177030
185111
194204
201302
202392
202397
202398
202399
202415
202520
202521
202524
202525
205145
205147
205302
209201
209407
209506
209715
210010
212662
212666
215126
216221
221111
221113
221209
221210
221407
222101
222103
222110
222111
222113
224166
227107
227116
227131
227132
227202
227207
227302
227308
228172
229502
229503
229504
232115
232116
232119
232221
241501
241503
243621
243640
245401
245402
245403
245407
245409
245411
246280
246738
246765
247769
248152
248202
250515
250602
250645
262407
263144
263146
276401
302011
302035
303339
303802
307042
311013
311028
311029
311810
312026
313025
313338
327608
333037
333310
335771
360465
363750
363775
365665
380057
382419
384350
384415
384440
384520
384540
395345
395620
400041
400073
400613
401210
403407
410517
411069
411070
411073
411081
414307
415630
416117
416319
416321
421304
425106
425121
425318
425434
431646
442103
442110
444115
444125
444512
444911
451661
453332
454129
454365
454448
454749
457893
461222
461251
461444
462006
462015
462420
465440
465516
465695
466117
470111
471202
472338
473993
480553
480554
485227
486451
487771
488101
491672
492011
495453
496197
500112
500113
502284
509309
518319
524218
530035
560028
560106
562166
563163
570033
571437
571501
571502
571511
571810
572144
573114
573132
573150
574160
574162
574164
574165
574166
574169
575027
577118
577444
577447
577450
577514
577602
584114
584121
584130
584131
584166
586245
591116
600065
600098
600108
602022
602027
602028
603404
605403
606112
610212
611117
611118
614209
621018
621303
621304
623802
625209
625502
625538
625547
625566
626053
626144
626145
626154
626159
627130
627131
627436
627551
627659
627810
628155
628228
628624
629187
629189
629195
629303
629304
629305
629805
629806
629808
629855
629902
637216
639106
639204
641051
642124
643232
680015
686039
686142
686596
690112
711321
711324
711325
711326
711328
711415
712156
712157
712158
712247
712411
712420
712429
712705
713157
713160
713162
713165
713169
713170
713171
713172
713173
713218
713219
713310
713364
713367
713375
713383
713419
713429
721123
721141
721142
721165
721168
721169
721170
721252
721254
721256
721257
721258
721460
721461
721462
721464
721465
721466
721518
721605
721630
721663
721664
721667
721668
721669
721670
722107
722112
722145
722163
722166
722168
722169
722170
722172
722175
722181
722209
723135
723144
723158
723160
723162
723163
723164
723214
723216
731128
731131
731139
731239
731246
731251
731253
731255
733139
733147
733148
733149
733150
733151
733153
733154
733155
733157
733211
733212
733214
733246
733252
734122
734319
734401
734502
735138
735139
735140
735235
735236
735237
735238
735306
735307
736118
736132
736166
736173
736174
736175
736177
736180
736181
737118
737138
742109
742131
742150
742157
742162
742170
742171
742172
742173
742176
742178
742179
742180
742181
742182
742183
742188
742191
742220
742229
742230
742231
742232
742234
742286
742307
742403
743195
743246
743269
743274
743304
743384
743390
743392
743396
743413
743414
743441
743507
743601
743700
752028
752087
752112
754118
754155
754159
754229
754230
754243
754251
754282
754285
754286
754288
754297
755031
755032
755033
755037
755039
755047
756018
756053
756088
758052
759135
761040
766117
767034
784162
784185
786624
786629
786630
786631
788008
791130
792051
795015
795121
795158
798628
799055
799100
799108
799116
799149
799159
799213
799265
800029
800111
801101
801117
801118
801502
803123
803206
803218
813112
813115
813119
813121
813124
813126
813127
813128
813225
813228
813231
813233
822127
822141
824130
824213
824216
827002
828308
831008
835238
841105
841247
841433
843153
844139
844141
845404
845439
848111
848116
848118
848220
848237
851219
851225
852134
852210
854206
855456